77
79
66
78
65
69
86
68
75
77
1
56
55
62
61
53
64
73
64
82
83
65
62
54
54
72
69
53
54
47
71
49
58
52
58
59
55
69
61
55
54
66
36
79
49
68
43
59
64
52
47
60
55
60
59
59
65
63
65
0
58
52
0
60
61
58
78
55
70
66
55
55
58
59
56
70
64
78
52
57
49
57
54
68
62
65
60
54
56
54
60
70
64
68
65
71
64
69
65
68
76
70
83
73
68
1
74
78
77
62
71
69
62
57
76
53
73
65
54
54
57
63
43
71
64
73
0
50
78
76
82
50
42
73
57
69
57
68
52
60
50
74
57
48
61
67
65
55
63
47
54
75
57
68
26
53
58
58
67
68
63
60
1
61
46
56
60
69
60
58
64
53
56
68
46
0
65
66
64
65
54
66
0
51
48
0
54
60
75
59
68
63
69
56
30
64
56
65
45
61
77
87
78
75
72
64
27
58
68
85
69
60
53
53
40
83
66
0
54
59
60
43
66
61
46
49
42
52
60
55
59
47
58
59
59
64
55
75
53
68
49
45
48
73
43
26
2
80
58
59
53
47
55
58
35
63
45
24
55
62
62
32
53
71
61
54
68
52
56
79
70
60
64
69
73
70
75
63
58
67
73
60
65
50
64
57
59
47
56
70
60
40
40
60
58
56
64
72
51
60
81
74
77
76
50
68
70
56
39
66
68
61
59
71
76
69
72
70
79
57
59
72
47
62
73
36
59
57
54
76
3
54
63
47
61
68
48
50
72
58
61
58
52
57
49
70
58
57
67
69
71
48
48
72
61
57
60
59
67
49
67
57
59
0
38
57
58
67
60
73
57
60
48
56
79
54
70
65
67
75
61
55
60
64
44
63
61
61
47
61
63
66
67
61
58
68
63
74
70
55
81
77
81
80
79
65
11
53
56
67
56
60
56
68
59
63
81
61
16
73
42
66
61
72
67
63
56
63
57
53
67
73
56
53
70
61
33
49
61
37
68
68
49
45
56
67
58
39
68
65
57
0
67
61
63
51
47
66
57
63
64
77
59
61
42
73
72
57
46
60
58
72
77
57
43
55
76
61
48
68
44
64
62
74
80
56
55
76
59
59
58
64
66
59
57
48
65
56
55
61
69
72
78
77
79
75
72
72
74
28
74
76
67
52
59
68
63
73
72
74
71
0
67
61
60
4
65
76
77
82
62
21
54
64
55
77
72
73
54
58
52
50
63
67
56
42
65
63
63
61
39
41
63
52
52
59
61
52
69
59
74
50
68
56
60
66
0
57
34
66
58
59
61
1
62
60
71
1
62
63
61
71
52
67
0
58
67
62
69
67
61
69
71
55
71
56
65
67
59
76
82
78
78
70
71
73
74
61
79
69
55
61
71
75
82
39
58
68
59
74
65
75
63
57
73
63
57
67
40
68
66
1
72
65
60
64
57
0
63
42
57
0
68
50
49
46
69
49
70
73
60
65
62
70
74
57
64
62
37
56
72
0
45
72
68
67
48
64
62
63
69
76
63
75
35
56
68
42
67
70
67
63
0
59
46
0
64
2
67
64
35
79
61
76
59
65
49
69
0
73
75
81
79
76
0
78
70
71
80
81
43
73
65
58
70
67
0
0
68
54
64
59
53
74
59
0
69
62
47
17
77
60
68
61
73
66
59
62
73
64
67
72
64
73
80
57
66
75
74
45
48
70
65
3
59
63
57
57
69
76
57
76
76
58
56
45
59
36
62
68
72
30
52
78
61
67
46
57
0
74
69
66
78
52
68
76
52
2
61
68
57
57
53
58
56
62
58
64
79
51
80
73
74
77
74
71
70
66
75
70
65
76
1
61
69
63
52
71
73
77
56
69
76
65
34
69
57
72
46
74
64
75
65
69
61
0
65
68
73
51
68
56
56
66
64
65
62
78
47
78
69
57
60
57
76
66
54
1
56
47
0
77
55
58
57
62
59
71
53
55
51
61
70
62
67
74
62
59
63
64
56
80
80
45
69
67
58
51
54
63
1
60
55
68
64
74
1
67
58
0
80
77
74
75
74
74
63
74
69
75
57
72
82
72
76
69
59
66
48
65
68
68
70
82
65
67
63
68
66
75
80
75
63
38
58
64
59
2
3
41
69
65
76
70
46
59
54
0
70
65
64
65
57
51
73
63
66
58
59
70
54
68
71
77
65
66
71
64
55
71
65
59
75
62
70
74
60
67
64
62
74
39
50
67
53
80
54
56
79
57
64
73
57
55
67
62
49
68
68
73
77
81
80
77
80
76
80
73
72
68
42
73
62
46
0
67
69
63
66
74
61
47
79
67
74
57
32
69
59
63
68
79
75
76
74
58
57
76
0
75
69
1
55
53
57
0
68
63
0
73
67
3
68
62
81
66
54
57
63
61
51
65
1
74
68
73
66
35
57
54
70
57
63
62
61
2
60
68
18
69
54
56
66
0
65
71
74
69
52
72
78
71
73
65
64
51
46
0
64
65
2
77
73
72
78
71
0
71
79
73
69
68
61
67
42
76
72
51
81
79
75
65
66
81
66
63
72
49
61
67
70
57
55
76
65
76
65
62
63
82
74
2
71
1
70
71
61
77
71
65
75
62
48
69
65
76
78
69
66
53
74
39
60
48
76
59
72
0
61
62
70
82
74
73
53
63
72
68
75
70
64
70
4
65
67
60
50
67
63
73
79
69
69
76
72
75
64
0
60
70
75
78
76
70
74
52
74
65
71
82
74
70
69
77
62
66
64
63
78
73
58
67
72
78
66
0
73
85
77
76
75
62
73
75
67
0
68
0
82
75
0
0
51
61
79
0
0
0
82
64
64
66
78
76
50
63
79
74
59
61
76
68
77
67
46
60
58
0
0
72
53
57
77
82
53
0
77
62
65
63
77
74
66
0
61
63
71
62
74
74
65
48
64
66
69
71
75
0
74
67
77
55
77
6
85
1
83
78
0
1
58
88
69
69
77
68
68
81
0
56
74
0
89
68
0
79
84
73
75
64
69
71
54
60
0
72
66
68
71
0
68
81
66
76
84
66
68
61
76
76
63
70
57
70
60
2
27
50
0
71
0
61
64
65
48
61
59
73
56
65
62
72
61
74
76
57
0
77
0
69
66
78
78
79
78
0
79
59
72
0
66
0
0
68
73
65
76
67
83
57
79
74
0
69
79
80
80
78
84
49
72
50
67
74
67
69
56
0
45
71
72
54
62
72
61
66
66
74
66
75
70
80
62
73
21
0
76
78
62
0
76
77
50
2
80
64
70
0
68
66
72
59
0
48
73
72
74
66
2
77
67
61
61
82
74
73
49
79
0
58
65
74
74
79
83
69
52
0
64
80
72
63
70
81
75
55
71
66
80
70
0
63
71
67
0
0
62
53
53
0
82
81
81
77
73
76
78
78
75
0
82
84
85
66
85
69
46
71
70
49
76
76
65
62
80
76
33
83
73
63
79
49
48
79
72
78
0
80
74
73
0
79
73
0
64
59
69
72
76
0
71
71
68
66
69
67
73
77
77
64
68
74
74
79
55
75
77
74
83
0
55
81
77
0
66
47
68
75
76
0
71
78
67
64
74
0
78
1
71
0
67
0
66
80
79
1
77
55
70
51
0
84
0
83
1
70
72
67
70
75
82
80
76
86
67
77
68
0
75
80
74
67
79
62
51
70
0
69
65
76
78
0
81
79
77
69
80
0
71
73
69
74
64
80
76
0
57
79
0
68
45
70
0
3
82
73
76
0
69
75
79
55
51
55
0
75
63
59
66
0
46
72
62
69
0
0
73
0
68
78
63
60
1
0
65
68
62
77
63
62
1
63
53
76
66
67
1
0
79
74
84
84
0
79
75
1
1
68
83
85
81
83
84
79
0
0
75
77
74
82
74
0
77
53
1
75
67
0
69
81
80
76
75
0
77
80
58
1
74
0
69
0
62
57
76
4
64
76
70
51
0
0
83
72
67
77
51
0
73
67
68
0
63
73
61
59
67
57
72
81
77
0
69
57
79
64
64
61
74
47
1
0
0
0
76
71
48
0
0
0
61
78
73
71
0
53
68
78
8
75
81
83
80
75
78
84
80
78
79
82
77
77
81
73
81
80
76
71
69
86
75
71
77
42
80
76
72
74
82
69
71
63
58
69
71
72
80
69
64
78
66
67
74
82
78
72
70
65
80
69
0
62
79
79
69
72
79
70
59
72
72
80
73
72
82
79
67
72
68
75
60
64
1
75
62
65
63
56
72
71
67
80
74
71
72
72
68
74
54
78
56
75
70
81
73
73
73
77
80
77
79
83
78
83
79
84
77
81
82
79
84
60
75
0
77
79
82
1
68
75
63
81
0
80
70
73
71
78
69
86
77
76
78
79
57
75
72
72
76
71
77
78
53
78
69
76
65
69
73
76
78
7
79
61
73
66
73
64
78
77
81
4
74
80
70
70
1
72
69
75
35
64
71
1
71
80
57
78
64
69
75
69
74
71
80
64
2
69
80
73
73
57
71
63
1
79
78
69
75
85
